94321511403066582086
88218150352344338238
16603471476805413356
85380039628289923111
88129501880765613750
04498643029536852489
05306851827689774303
64671872086330832294
29132570329842461240
33222690129029510009
19044725428536399977
61069172129884787201
02155205212369413974
30198426073266905213
57981725073191629082
11229676784992017930
80058576631947120344
79591827435155138869
98704583173801712014
77331228440151940132
78268597374570951904
52458330609790831246
58406444494382586894
49251960749804582072
96926220289373632717
32814918265718656808
05413216836965267043
10153880919610695568
72491354720181823168
36661384007600189431
47888174042430456676
62940274853790090328
72909600692423288066
12766368084688772633
18973591293881553658
03874491046804443050
63046762022681999917
12882531185666571292
91425351467179017296
09017232509097779089
04633084541106186757
18949757428509026422
32091071334034141264
78391339234784785261
64632181203669130041
51204320383610496376
65565028910457871583
70507801289235316335
91670473589994398665
21903456081409338158
85315830237299466793
38466314126920133460
66835109153701294414
33187942896472849726
04476205829296860964
72054656322938949095
56616548699409767458
54612849218683261489
28588964097648556361
53098016462393745750
14116373988885414764
03893645321412342256
56367027642333526365
10961621003373674218
29033009869914165194
29519422221434627016
57544992194515007971
16152077497393081959
99450799817168917525
27026569193970258923
82998189820310321127
86766641457289914437
68534204601608402303
85379553371315464583
59247549560815282958
61740561777908932730
96576067700212168935
03195890618916521732
94995581668690315260
23426689219779946105
75965684910338853735
46918995576839714057
56728618885231091479
33139447427894033482
64917616138010986045
95539260314056167477
65029677148106275632
21026790510746663083
99410308793674774248
00796997713700939095
14447126286202704521
59683571998511967806
30054466608820840379
92079164659654989211
55553987680932455214
33944686938517800352
88893829944893606996
35448183708791673964
38841677875385231746
13932535388759420625
97175652462919106707
22431900811287033370
07980675688908753340
68982385457253599497
56947779965128708684
72275882907210000764
38338142000562631768
75625480253119498370
14861022131096105394
06590610434587502544
46405215173994009260
53309344852559148734
20155304979427885363
17808397824324339377
21895199977685788168
82836505542639813264
74467638853695607745
86629560715678354975
67221163574925808809
89610814395323173080
07606921346258668008
28385942430271665564
53299059862176760294
94479695039343539733
88490974687477577646
91819866351188069383
81115692671753759264
68174013308344915231
93306511935714236202
40700425512902854024
42203320138796236360
54292933639414909336
80584289703343950840
62430145788609767182
76240296914630821718
64969254683948033777
59554995122157106898
55941258579131909997
06854164321942024451
51215297851074054780
20453282468070492397
14293853297801568485
36696151609899304720
16439063360519552909
76844905105894024462
21020835273017568953
40141726839432032842
41144095420778664452
41184764778658096808
06165659979813750614
53220858796290977892
64436789145944473742
67669421578417926356
27078173032553589307
66580944385144762883
51008823511122744412
60551632936622979427
27164029532484859344
74432419737736029839
75562696081850587411
57137768891421294451
58581451408614813088
86863580074366058244
45847372456481600838
17966946390267942919
91624667356507066208
04441022706527626250
12031493395312244491
62579791054650019658
83493748639384874644
94475354261310207659
11083870822237112237
11729600703421465644
09783810850215407639
03223182004069986155
11943396739435558268
81759601086880493348
36835024800977960006
28400754176105077354
15186412292909274125
66602741647821410084
01598464614264674565
63385450927263715971
67162107306408576181
08681546320214171080
95497410174396672109
63215980082973204496
65507453062657870900
82165701151707348041
78638187897744032965
88987605289458833117
52864458416868703705
60270971250751076899
88838185166086830687
31847437975124049035
70736469378571431369
69836889848022664486
35622347696228958256
01997777044754639392
06590243636687473533
95181208530555831801
84110542223797187109
60773622109240469570
96586654670122937103
82320743510897175210
28898705481180787012
76155467407928592096
53861717462006378675
81962554420030699502
87686876482599721371
36519818640542325982
56980818135105115396
65857604872860564583
51574595857116150181
97631278339497396608
91996632977214487245
19487472670456012097
02900951159899341149
26846414885915801274
72792604731698274944
14747398357277659209
43921748061335065343
84599869720023664119
54042458337451107552
63521669932030281520
36748686172475681136
20168706746933149464
43483328394927611380
28535470005205725248
92197550287783510541
21161992971570969846
08089280560019599329
76548421300717242848
49993891832901361399
23899236842767125389
91725688834795250739
98385436190844569961
69873729424323917603
10693402204475320018
20511566992371178841
46394607817768270064
92857430617938848555
51655788121171293461
46546176804761668860
01642624295343969704
77328413393505975778
61686239413528265956
53964303846379341939
45698720569397441384
46314861665235126309
67805395743643128980
64617167323445517558
38078880560651486330
47004130204613321633
07027457744665733752
77150404787664277137
46508195192081313704
27919095202947748184
83301914860372897769
13043337488148678467
59956024964939046017
91659310162859599707
88907648791844304862
93720085214903682036
35964527685316335360
28926268844238595279
30943572278845805083
93257753298302055568
64598170203871501477
83938454941854493516
34966584966375494996
17186698318362658016
77785243337679932629
47727465996347775957
16969759232984147252
53517156643438267278
13832884863363419303
23587575036991631996
90513465164011024608
15663592357073041653
10896610564368876839
10210201052978421541
39244003906942422485
86939139933510254472
91167983416399890449
93019607019591700819
12015965341273771437
76938282136245867353
24935952303826024114
46958415959823698895
92756699262946030073
78250865234891651565
70071018799034707081
63080959489169506809
93426269905747108816
66767915942925843474
62611625316905851856
70711627252537526708
47554973978189927308
98485379384572305472
42206849474707630304
33233954234432215498
73854809015813688870
79277070602023487227
10347700435951462988
01895088582570261722
25137190551587737628
94182379321254816822
00167518090208958721
21107721033473761921
72994608356121320567
55738071028021067929
23697161873459412367
06897741200005603531
34745798552585165280
30584007487386269304
07592726989084014820
40788484690597145479
30395611615002828637
37256247080135533103
53689980698181560354
26179396085532021405
95713667762290095208
24869013606476649706
70503082555523090081
31138972249062335611
69750873811427575073
54980710597303276498
45958248102135201756
47558439584026343249
43033966508019480901
90281147850326491833
90855038044153029559
69149661796982748423
80114867192564136138
06962841181904945824
09653715094223752179
32330454169643847626
87841402486918583437
82199571293599038629
04539219743101787657
95296192621168950073
10678096413021074460
31267870436370435939
59646085605954634096
18293939495735156163
47936590399628957621
27026734488150788559
34988780705812298004
20791029469043669068
94196356282588893141
22736882105919035711
50520472323399883248
96943802820220858821
00161547942797632070
86339080177604197589
15687012774353694815
76602726239293141833
96392583500583145300
03296828468364477104
98571690811860702365
17883132881206742144
60690948269487417058
62797388775015687249
64763041378604746159
74325345209103842250
32426342666775888736
61135500253297067819
27285178861098600934
53390013969629099756
18056051272832362942
38345413661108469497
45584505050100766821
03892368270672215779
35398728917752804398
75457920121529770317
21726957992376505400
15553857419635225174
04971812220844644239
52004708468513242310
39285599213535012937
46176774562544920366
13275672244699808065
22337212878112758924
43243228762920417160
77680209783349179040
37298117865304401524
76857352116541700928
62778552796237043881
66648709366718112636
61400992226616909895
98469828120675955787
37780926371345102823
20469343112546992158
36278760693594455733
79058833963189220207
19104738871651889795
65640210067376636615
60373933783930383682
